1403 583 1.512864494 1.391958691 1.62585661 1.399872378  1.5 10283
1406 587 1.512776831 1.27769936 1.616139972 1.40941369  1.5 10253
1409 599 1.534223706 1.342044822 1.641699257 1.426748155  1.5 10212
1412 572 1.386363636 1.255191417 1.489228728 1.283498544  1.4 10187
1503 670 1.341791045 1.231578672 1.435047914 1.248534176  1.4 11022
1506 656 1.413109756 1.264335964 1.509863247 1.316356265  1.4 10965
1509 635 1.261417323 1.212841857 1.355752438 1.167082208  1.2 10908
1512 659 1.056145675 1.104647965 1.140486387 0.971804963  1 10867
1603 652 0.86196319 1.07017713 0.944109477 0.779816903  0.8 10824
1606 637 0.693877551 1.06051646 0.776235167 0.611519935  0.7 10778
1609 585 0.639316239 1.00758742 0.72096712 0.557665358  0.6 10737
1612 624 0.669871795 0.910076981 0.741278979 0.598464611  0.7 10698
1703 605 0.723966942 1.031701545 0.806178422 0.641755462  0.7 10680
1706 631 0.792393027 1.046387198 0.87403882 0.710747234  0.8 10627
1709 646 0.749226006 1.064854041 0.831342405 0.667109607  0.7 10576
