1403 1271 1.69079465 1.450897712 1.770561068 1.611028232  1.7 10284
1406 1277 1.632732968 1.353838084 1.70698825 1.558477686  1.6 10252
1409 1366 1.616398243 1.397274343 1.690497253 1.542299233  1.6 10212
1412 1288 1.651397516 1.365144267 1.725952501 1.576842531  1.6 10187
1503 1381 1.608254888 1.344086861 1.679145148 1.537364628  1.6 11022
1506 1361 1.509184423 1.252683941 1.575737558 1.442631288  1.5 10965
1509 1402 1.410128388 1.21939366 1.473958557 1.346298219  1.4 10908
1512 1371 1.307804522 1.178922709 1.370209995 1.245399049  1.3 10867
1603 1397 1.161775233 1.187759562 1.224060654 1.099489812  1.1 10824
1606 1387 1.078586878 1.183226332 1.140857853 1.016315903  1.1 10779
1609 1376 0.984011628 1.098643215 1.042061803 0.925961453  1 10736
1612 1273 1.052631579 1.124859769 1.114424718 0.99083844  1 10698
1703 1318 1.066009105 1.100582164 1.125427489 1.006590721  1 10679
1706 1296 1.05941358 1.083546713 1.118406679 1.000420481  1.1 10627
1709 1388 1.071325648 1.054375564 1.126795457 1.015855839  1.1 10576 
