1403 1876 1.706823028 1.565759056 1.635968993 1.777677063  1.7 10284
1406 1877 1.698987746 1.567413375 1.628077746 1.769897746  1.7 10252
1409 1855 1.733153639 1.547680007 1.662722407 1.803584871  1.7 10212
1412 1769 1.669304692 1.524228023 1.598274646 1.740334738  1.7 10187
1503 2023 1.644587247 1.458197306 1.581043266 1.708131228  1.6 11022
1506 1993 1.613146011 1.465934392 1.548785875 1.677506147  1.6 10964
1509 2010 1.45721393 1.36017823 1.397749965 1.516677895  1.5 10908
1512 2012 1.375745527 1.390444119 1.314988625 1.436502429  1.4 10867
1603 1958 1.208886619 1.321487327 1.150352009 1.267421229  1.2 10823
1606 1934 1.150465357 1.315515785 1.091834816 1.209095898  1.1 10779
1609 1913 1.041819132 1.251077876 0.98575528 1.097882984  1 10736
1612 1921 1.072358147 1.288357768 1.014744035 1.129972259  1.1 10698
1703 1930 1.069948187 1.28021937 1.012831658 1.127064716  1.1 10679
1706 1884 1.095010616 1.297899177 1.036402659 1.153618573  1.1 10627
1709 1886 1.075291622 1.218623955 1.020292604 1.13029064  1.1 10576
