1403 304 0.921052632 3.893001787 0.48342586 1.358679404  1.1 10282
1406 326 0.920245399 3.668546717 0.522008658 1.31848214  1.1 10250
1409 322 0.885093168 3.774297586 0.472839741 1.297346595  1.1 10210
1412 306 1.14379085 3.52958141 0.748316281 1.539265419  1 10186
1503 365 0.794520548 3.087367491 0.477784155 1.111256941  0.9 11018
1506 352 0.866477273 3.185045377 0.533740835 1.199213711  0.9 10961
1509 341 0.718475073 3.450905085 0.352196177 1.084753969  0.7 10907
1512 338 0.517751479 2.769264057 0.222520389 0.812982569  0.5 10865
1603 323 0.325077399 2.517557522 0.05051933 0.599635468  0.3 10821
1606 300 0.45 2.627517108 0.152668449 0.747331551  0.2 10776
1609 317 0.47318612 2.992089826 0.143803206 0.802569034  0.2 10734
1612 293 0.102389078 2.410684215 -0.173644926 0.378423082  0.3 10695
1703 311 0.353697749 2.846102739 0.037377896 0.670017602  0.4 10677
1706 320 0.53125 2.994083769 0.203196233 0.859303767  0.4 10624
1709 316 0.474683544 2.40950332 0.209015047 0.740352041  0.5 10574
