1403 953 1.652675761 5.317842536 1.3150426 1.990308922  1.8 10283
1406 910 2.010989011 5.262095408 1.669092953 2.352885069  1.9 10249
1409 936 1.704059829 5.135284732 1.375069845 2.033049813  1.8 10210
1412 963 2.035306334 5.063094588 1.715520686 2.355091982  1.7 10186
1503 1050 1.495238095 4.672544822 1.212610282 1.777865908  1.7 11018
1506 1115 2.02690583 4.720100342 1.749848357 2.303963303  1.7 10961
1509 1002 1.21756487 4.565493087 0.934875225 1.500254515  1.4 10907
1512 1050 1.352380952 4.503956427 1.079950531 1.624811373  1.3 10865
1603 1051 1.070409134 4.377517205 0.805752628 1.33506564  1 10821
1606 1080 0.916666667 4.26122244 0.662523523 1.170809811  0.8 10776
1609 1042 0.638195777 4.261008775 0.379473014 0.89691854  0.8 10733
1612 997 0.772316951 4.216209392 0.510600716 1.034033186  0.9 10695
1703 1054 1.057874763 4.081955944 0.811438804 1.304310722  0.9 10676
1706 982 1.201629328 4.416177908 0.925414564 1.477844092  1 10624
1709 1023 0.894428152 4.385597117 0.625679071 1.163177233  1 10574
