1403 1727 2.194557035 6.457931825  2.1 10283
1406 1739 2.078780909 6.360398145  2.3 10249
1409 1725 2.188405797 6.283322681  2.1 10210
1412 1639 1.976815131 5.937459927  2 10186
1503 1848 2.213203463 5.858741327  2.2 11018
1506 1862 2.145542427 5.760468498  2.1 10961
1509 1816 1.690528634 5.641252869  1.8 10907
1512 1773 1.49464185 5.648627907  1.6 10865
1603 1770 1.61299435 5.250637321  1.3 10821
1606 1749 1.080617496 5.229713608  1.1 10776
1609 1757 0.981787137 5.270659383  1.1 10733
1612 1774 1.220405862 5.185929449  1.1 10695
1703 1736 0.895737327 5.37000574  1.1 10676
1706 1803 1.142540211 5.14476163  1.2 10624
1709 1751 1.116504854 5.184715615  1.2 10574
